0.5 0.5 1.0 0.5 1.5 0.0 0.0 0.0 0.0 0.0 0.0 25.0 1.5 0.5
0.5 1.5 2.0 0.5 2.5 0.0 0.5 0.5 0.0 0.0 0.0 26.0 1.5 1.5
0.5 2.5 3.0 0.5 3.5 1.0 0.5 1.5 0.0 0.0 0.0 27.0 1.5 2.5
0.5 3.5 4.0 0.5 4.5 2.0 0.5 2.5 0.0 0.0 0.0 28.0 1.5 3.5
0.5 4.5 5.0 0.5 5.5 3.0 0.5 3.5 0.0 0.0 0.0 29.0 1.5 4.5
0.5 5.5 6.0 0.5 6.5 4.0 0.5 4.5 0.0 0.0 0.0 30.0 1.5 5.5
0.5 6.5 7.0 0.5 7.5 5.0 0.5 5.5 0.0 0.0 0.0 31.0 1.5 6.5
0.5 7.5 8.0 0.5 8.5 6.0 0.5 6.5 0.0 0.0 0.0 32.0 1.5 7.5
0.5 8.5 9.0 0.5 9.5 7.0 0.5 7.5 0.0 0.0 0.0 33.0 1.5 8.5
0.5 9.5 10.0 0.5 10.5 8.0 0.5 8.5 0.0 0.0 0.0 34.0 1.5 9.5
0.5 10.5 11.0 0.5 11.5 9.0 0.5 9.5 0.0 0.0 0.0 35.0 1.5 10.5
0.5 11.5 12.0 0.5 12.5 10.0 0.5 10.5 0.0 0.0 0.0 36.0 1.5 11.5
0.5 12.5 13.0 0.5 13.5 11.0 0.5 11.5 0.0 0.0 0.0 37.0 1.5 12.5
0.5 13.5 14.0 0.5 14.5 12.0 0.5 12.5 0.0 0.0 0.0 38.0 1.5 13.5
0.5 14.5 15.0 0.5 15.5 13.0 0.5 13.5 0.0 0.0 0.0 39.0 1.5 14.5
0.5 15.5 16.0 0.5 16.5 14.0 0.5 14.5 0.0 0.0 0.0 40.0 1.5 15.5
0.5 16.5 17.0 0.5 17.5 15.0 0.5 15.5 0.0 0.0 0.0 41.0 1.5 16.5
0.5 17.5 18.0 0.5 18.5 16.0 0.5 16.5 0.0 0.0 0.0 42.0 1.5 17.5
0.5 18.5 19.0 0.5 19.5 17.0 0.5 17.5 0.0 0.0 0.0 43.0 1.5 18.5
0.5 19.5 20.0 0.5 20.5 18.0 0.5 18.5 0.0 0.0 0.0 44.0 1.5 19.5
0.5 20.5 21.0 0.5 21.5 19.0 0.5 19.5 0.0 0.0 0.0 45.0 1.5 20.5
0.5 21.5 22.0 0.5 22.5 20.0 0.5 20.5 0.0 0.0 0.0 46.0 1.5 21.5
0.5 22.5 23.0 0.5 23.5 21.0 0.5 21.5 0.0 0.0 0.0 47.0 1.5 22.5
0.5 23.5 24.0 0.5 24.5 22.0 0.5 22.5 0.0 0.0 0.0 48.0 1.5 23.5
0.5 24.5 0.0 0.0 0.0 23.0 0.5 23.5 0.0 0.0 0.0 49.0 1.5 24.5
1.5 0.5 26.0 1.5 1.5 0.0 0.0 0.0 0.0 0.5 0.5 50.0 2.5 0.5
1.5 1.5 27.0 1.5 2.5 25.0 1.5 0.5 1.0 0.5 1.5 51.0 2.5 1.5
1.5 2.5 28.0 1.5 3.5 26.0 1.5 1.5 2.0 0.5 2.5 52.0 2.5 2.5
1.5 3.5 29.0 1.5 4.5 27.0 1.5 2.5 3.0 0.5 3.5 53.0 2.5 3.5
1.5 4.5 30.0 1.5 5.5 28.0 1.5 3.5 4.0 0.5 4.5 54.0 2.5 4.5
1.5 5.5 31.0 1.5 6.5 29.0 1.5 4.5 5.0 0.5 5.5 55.0 2.5 5.5
1.5 6.5 32.0 1.5 7.5 30.0 1.5 5.5 6.0 0.5 6.5 56.0 2.5 6.5
1.5 7.5 33.0 1.5 8.5 31.0 1.5 6.5 7.0 0.5 7.5 57.0 2.5 7.5
1.5 8.5 34.0 1.5 9.5 32.0 1.5 7.5 8.0 0.5 8.5 58.0 2.5 8.5
1.5 9.5 35.0 1.5 10.5 33.0 1.5 8.5 9.0 0.5 9.5 59.0 2.5 9.5
1.5 10.5 36.0 1.5 11.5 34.0 1.5 9.5 10.0 0.5 10.5 60.0 2.5 10.5
1.5 11.5 37.0 1.5 12.5 35.0 1.5 10.5 11.0 0.5 11.5 61.0 2.5 11.5
1.5 12.5 38.0 1.5 13.5 36.0 1.5 11.5 12.0 0.5 12.5 62.0 2.5 12.5
1.5 13.5 39.0 1.5 14.5 37.0 1.5 12.5 13.0 0.5 13.5 63.0 2.5 13.5
1.5 14.5 40.0 1.5 15.5 38.0 1.5 13.5 14.0 0.5 14.5 64.0 2.5 14.5
1.5 15.5 41.0 1.5 16.5 39.0 1.5 14.5 15.0 0.5 15.5 65.0 2.5 15.5
1.5 16.5 42.0 1.5 17.5 40.0 1.5 15.5 16.0 0.5 16.5 66.0 2.5 16.5
1.5 17.5 43.0 1.5 18.5 41.0 1.5 16.5 17.0 0.5 17.5 67.0 2.5 17.5
1.5 18.5 44.0 1.5 19.5 42.0 1.5 17.5 18.0 0.5 18.5 68.0 2.5 18.5
1.5 19.5 45.0 1.5 20.5 43.0 1.5 18.5 19.0 0.5 19.5 69.0 2.5 19.5
1.5 20.5 46.0 1.5 21.5 44.0 1.5 19.5 20.0 0.5 20.5 70.0 2.5 20.5
1.5 21.5 47.0 1.5 22.5 45.0 1.5 20.5 21.0 0.5 21.5 71.0 2.5 21.5
1.5 22.5 48.0 1.5 23.5 46.0 1.5 21.5 22.0 0.5 22.5 72.0 2.5 22.5
1.5 23.5 49.0 1.5 24.5 47.0 1.5 22.5 23.0 0.5 23.5 73.0 2.5 23.5
1.5 24.5 0.0 0.0 0.0 48.0 1.5 23.5 24.0 0.5 24.5 74.0 2.5 24.5
2.5 0.5 51.0 2.5 1.5 0.0 0.0 0.0 25.0 1.5 0.5 75.0 3.5 0.5
2.5 1.5 52.0 2.5 2.5 50.0 2.5 0.5 26.0 1.5 1.5 76.0 3.5 1.5
2.5 2.5 53.0 2.5 3.5 51.0 2.5 1.5 27.0 1.5 2.5 77.0 3.5 2.5
2.5 3.5 54.0 2.5 4.5 52.0 2.5 2.5 28.0 1.5 3.5 78.0 3.5 3.5
2.5 4.5 55.0 2.5 5.5 53.0 2.5 3.5 29.0 1.5 4.5 79.0 3.5 4.5
2.5 5.5 56.0 2.5 6.5 54.0 2.5 4.5 30.0 1.5 5.5 80.0 3.5 5.5
2.5 6.5 57.0 2.5 7.5 55.0 2.5 5.5 31.0 1.5 6.5 81.0 3.5 6.5
2.5 7.5 58.0 2.5 8.5 56.0 2.5 6.5 32.0 1.5 7.5 82.0 3.5 7.5
2.5 8.5 59.0 2.5 9.5 57.0 2.5 7.5 33.0 1.5 8.5 83.0 3.5 8.5
2.5 9.5 60.0 2.5 10.5 58.0 2.5 8.5 34.0 1.5 9.5 84.0 3.5 9.5
2.5 10.5 61.0 2.5 11.5 59.0 2.5 9.5 35.0 1.5 10.5 85.0 3.5 10.5
2.5 11.5 62.0 2.5 12.5 60.0 2.5 10.5 36.0 1.5 11.5 86.0 3.5 11.5
2.5 12.5 63.0 2.5 13.5 61.0 2.5 11.5 37.0 1.5 12.5 87.0 3.5 12.5
2.5 13.5 64.0 2.5 14.5 62.0 2.5 12.5 38.0 1.5 13.5 88.0 3.5 13.5
2.5 14.5 65.0 2.5 15.5 63.0 2.5 13.5 39.0 1.5 14.5 89.0 3.5 14.5
2.5 15.5 66.0 2.5 16.5 64.0 2.5 14.5 40.0 1.5 15.5 90.0 3.5 15.5
2.5 16.5 67.0 2.5 17.5 65.0 2.5 15.5 41.0 1.5 16.5 91.0 3.5 16.5
2.5 17.5 68.0 2.5 18.5 66.0 2.5 16.5 42.0 1.5 17.5 92.0 3.5 17.5
2.5 18.5 69.0 2.5 19.5 67.0 2.5 17.5 43.0 1.5 18.5 93.0 3.5 18.5
2.5 19.5 70.0 2.5 20.5 68.0 2.5 18.5 44.0 1.5 19.5 94.0 3.5 19.5
2.5 20.5 71.0 2.5 21.5 69.0 2.5 19.5 45.0 1.5 20.5 95.0 3.5 20.5
2.5 21.5 72.0 2.5 22.5 70.0 2.5 20.5 46.0 1.5 21.5 96.0 3.5 21.5
2.5 22.5 73.0 2.5 23.5 71.0 2.5 21.5 47.0 1.5 22.5 97.0 3.5 22.5
2.5 23.5 74.0 2.5 24.5 72.0 2.5 22.5 48.0 1.5 23.5 98.0 3.5 23.5
2.5 24.5 0.0 0.0 0.0 73.0 2.5 23.5 49.0 1.5 24.5 99.0 3.5 24.5
3.5 0.5 76.0 3.5 1.5 0.0 0.0 0.0 50.0 2.5 0.5 100.0 4.5 0.5
3.5 1.5 77.0 3.5 2.5 75.0 3.5 0.5 51.0 2.5 1.5 101.0 4.5 1.5
3.5 2.5 78.0 3.5 3.5 76.0 3.5 1.5 52.0 2.5 2.5 0.0 0.0 0.0
3.5 3.5 79.0 3.5 4.5 77.0 3.5 2.5 53.0 2.5 3.5 0.0 0.0 0.0
3.5 4.5 80.0 3.5 5.5 78.0 3.5 3.5 54.0 2.5 4.5 0.0 0.0 0.0
3.5 5.5 81.0 3.5 6.5 79.0 3.5 4.5 55.0 2.5 5.5 0.0 0.0 0.0
3.5 6.5 82.0 3.5 7.5 80.0 3.5 5.5 56.0 2.5 6.5 0.0 0.0 0.0
3.5 7.5 83.0 3.5 8.5 81.0 3.5 6.5 57.0 2.5 7.5 0.0 0.0 0.0
3.5 8.5 84.0 3.5 9.5 82.0 3.5 7.5 58.0 2.5 8.5 0.0 0.0 0.0
3.5 9.5 85.0 3.5 10.5 83.0 3.5 8.5 59.0 2.5 9.5 0.0 0.0 0.0
3.5 10.5 86.0 3.5 11.5 84.0 3.5 9.5 60.0 2.5 10.5 0.0 0.0 0.0
3.5 11.5 87.0 3.5 12.5 85.0 3.5 10.5 61.0 2.5 11.5 0.0 0.0 0.0
3.5 12.5 88.0 3.5 13.5 86.0 3.5 11.5 62.0 2.5 12.5 0.0 0.0 0.0
3.5 13.5 89.0 3.5 14.5 87.0 3.5 12.5 63.0 2.5 13.5 0.0 0.0 0.0
3.5 14.5 90.0 3.5 15.5 88.0 3.5 13.5 64.0 2.5 14.5 0.0 0.0 0.0
3.5 15.5 91.0 3.5 16.5 89.0 3.5 14.5 65.0 2.5 15.5 0.0 0.0 0.0
3.5 16.5 92.0 3.5 17.5 90.0 3.5 15.5 66.0 2.5 16.5 0.0 0.0 0.0
3.5 17.5 93.0 3.5 18.5 91.0 3.5 16.5 67.0 2.5 17.5 0.0 0.0 0.0
3.5 18.5 94.0 3.5 19.5 92.0 3.5 17.5 68.0 2.5 18.5 0.0 0.0 0.0
3.5 19.5 95.0 3.5 20.5 93.0 3.5 18.5 69.0 2.5 19.5 0.0 0.0 0.0
3.5 20.5 96.0 3.5 21.5 94.0 3.5 19.5 70.0 2.5 20.5 0.0 0.0 0.0
3.5 21.5 97.0 3.5 22.5 95.0 3.5 20.5 71.0 2.5 21.5 0.0 0.0 0.0
3.5 22.5 98.0 3.5 23.5 96.0 3.5 21.5 72.0 2.5 22.5 102.0 4.5 22.5
3.5 23.5 99.0 3.5 24.5 97.0 3.5 22.5 73.0 2.5 23.5 103.0 4.5 23.5
3.5 24.5 0.0 0.0 0.0 98.0 3.5 23.5 74.0 2.5 24.5 104.0 4.5 24.5
4.5 0.5 101.0 4.5 1.5 0.0 0.0 0.0 75.0 3.5 0.5 105.0 5.5 0.5
4.5 1.5 0.0 0.0 0.0 100.0 4.5 0.5 76.0 3.5 1.5 106.0 5.5 1.5
4.5 22.5 103.0 4.5 23.5 0.0 0.0 0.0 97.0 3.5 22.5 127.0 5.5 22.5
4.5 23.5 104.0 4.5 24.5 102.0 4.5 22.5 98.0 3.5 23.5 128.0 5.5 23.5
4.5 24.5 0.0 0.0 0.0 103.0 4.5 23.5 99.0 3.5 24.5 129.0 5.5 24.5
5.5 0.5 106.0 5.5 1.5 0.0 0.0 0.0 100.0 4.5 0.5 130.0 6.5 0.5
5.5 1.5 107.0 5.5 2.5 105.0 5.5 0.5 101.0 4.5 1.5 131.0 6.5 1.5
5.5 2.5 108.0 5.5 3.5 106.0 5.5 1.5 0.0 0.0 0.0 0.0 0.0 0.0
5.5 3.5 109.0 5.5 4.5 107.0 5.5 2.5 0.0 0.0 0.0 0.0 0.0 0.0
5.5 4.5 110.0 5.5 5.5 108.0 5.5 3.5 0.0 0.0 0.0 0.0 0.0 0.0
5.5 5.5 111.0 5.5 6.5 109.0 5.5 4.5 0.0 0.0 0.0 0.0 0.0 0.0
5.5 6.5 112.0 5.5 7.5 110.0 5.5 5.5 0.0 0.0 0.0 0.0 0.0 0.0
5.5 7.5 113.0 5.5 8.5 111.0 5.5 6.5 0.0 0.0 0.0 0.0 0.0 0.0
5.5 8.5 114.0 5.5 9.5 112.0 5.5 7.5 0.0 0.0 0.0 0.0 0.0 0.0
5.5 9.5 115.0 5.5 10.5 113.0 5.5 8.5 0.0 0.0 0.0 0.0 0.0 0.0
5.5 10.5 116.0 5.5 11.5 114.0 5.5 9.5 0.0 0.0 0.0 0.0 0.0 0.0
5.5 11.5 117.0 5.5 12.5 115.0 5.5 10.5 0.0 0.0 0.0 0.0 0.0 0.0
5.5 12.5 118.0 5.5 13.5 116.0 5.5 11.5 0.0 0.0 0.0 0.0 0.0 0.0
5.5 13.5 119.0 5.5 14.5 117.0 5.5 12.5 0.0 0.0 0.0 0.0 0.0 0.0
5.5 14.5 120.0 5.5 15.5 118.0 5.5 13.5 0.0 0.0 0.0 0.0 0.0 0.0
5.5 15.5 121.0 5.5 16.5 119.0 5.5 14.5 0.0 0.0 0.0 0.0 0.0 0.0
5.5 16.5 122.0 5.5 17.5 120.0 5.5 15.5 0.0 0.0 0.0 0.0 0.0 0.0
5.5 17.5 123.0 5.5 18.5 121.0 5.5 16.5 0.0 0.0 0.0 0.0 0.0 0.0
5.5 18.5 124.0 5.5 19.5 122.0 5.5 17.5 0.0 0.0 0.0 0.0 0.0 0.0
5.5 19.5 125.0 5.5 20.5 123.0 5.5 18.5 0.0 0.0 0.0 0.0 0.0 0.0
5.5 20.5 126.0 5.5 21.5 124.0 5.5 19.5 0.0 0.0 0.0 0.0 0.0 0.0
5.5 21.5 127.0 5.5 22.5 125.0 5.5 20.5 0.0 0.0 0.0 0.0 0.0 0.0
5.5 22.5 128.0 5.5 23.5 126.0 5.5 21.5 102.0 4.5 22.5 132.0 6.5 22.5
5.5 23.5 129.0 5.5 24.5 127.0 5.5 22.5 103.0 4.5 23.5 133.0 6.5 23.5
5.5 24.5 0.0 0.0 0.0 128.0 5.5 23.5 104.0 4.5 24.5 134.0 6.5 24.5
6.5 0.5 131.0 6.5 1.5 0.0 0.0 0.0 105.0 5.5 0.5 135.0 7.5 0.5
6.5 1.5 0.0 0.0 0.0 130.0 6.5 0.5 106.0 5.5 1.5 136.0 7.5 1.5
6.5 22.5 133.0 6.5 23.5 0.0 0.0 0.0 127.0 5.5 22.5 157.0 7.5 22.5
6.5 23.5 134.0 6.5 24.5 132.0 6.5 22.5 128.0 5.5 23.5 158.0 7.5 23.5
6.5 24.5 0.0 0.0 0.0 133.0 6.5 23.5 129.0 5.5 24.5 159.0 7.5 24.5
7.5 0.5 136.0 7.5 1.5 0.0 0.0 0.0 130.0 6.5 0.5 160.0 8.5 0.5
7.5 1.5 137.0 7.5 2.5 135.0 7.5 0.5 131.0 6.5 1.5 161.0 8.5 1.5
7.5 2.5 138.0 7.5 3.5 136.0 7.5 1.5 0.0 0.0 0.0 0.0 0.0 0.0
7.5 3.5 139.0 7.5 4.5 137.0 7.5 2.5 0.0 0.0 0.0 0.0 0.0 0.0
7.5 4.5 140.0 7.5 5.5 138.0 7.5 3.5 0.0 0.0 0.0 0.0 0.0 0.0
7.5 5.5 141.0 7.5 6.5 139.0 7.5 4.5 0.0 0.0 0.0 0.0 0.0 0.0
7.5 6.5 142.0 7.5 7.5 140.0 7.5 5.5 0.0 0.0 0.0 0.0 0.0 0.0
7.5 7.5 143.0 7.5 8.5 141.0 7.5 6.5 0.0 0.0 0.0 0.0 0.0 0.0
7.5 8.5 144.0 7.5 9.5 142.0 7.5 7.5 0.0 0.0 0.0 0.0 0.0 0.0
7.5 9.5 145.0 7.5 10.5 143.0 7.5 8.5 0.0 0.0 0.0 0.0 0.0 0.0
7.5 10.5 146.0 7.5 11.5 144.0 7.5 9.5 0.0 0.0 0.0 0.0 0.0 0.0
7.5 11.5 147.0 7.5 12.5 145.0 7.5 10.5 0.0 0.0 0.0 0.0 0.0 0.0
7.5 12.5 148.0 7.5 13.5 146.0 7.5 11.5 0.0 0.0 0.0 0.0 0.0 0.0
7.5 13.5 149.0 7.5 14.5 147.0 7.5 12.5 0.0 0.0 0.0 0.0 0.0 0.0
7.5 14.5 150.0 7.5 15.5 148.0 7.5 13.5 0.0 0.0 0.0 0.0 0.0 0.0
7.5 15.5 151.0 7.5 16.5 149.0 7.5 14.5 0.0 0.0 0.0 0.0 0.0 0.0
7.5 16.5 152.0 7.5 17.5 150.0 7.5 15.5 0.0 0.0 0.0 0.0 0.0 0.0
7.5 17.5 153.0 7.5 18.5 151.0 7.5 16.5 0.0 0.0 0.0 0.0 0.0 0.0
7.5 18.5 154.0 7.5 19.5 152.0 7.5 17.5 0.0 0.0 0.0 0.0 0.0 0.0
7.5 19.5 155.0 7.5 20.5 153.0 7.5 18.5 0.0 0.0 0.0 0.0 0.0 0.0
7.5 20.5 156.0 7.5 21.5 154.0 7.5 19.5 0.0 0.0 0.0 0.0 0.0 0.0
7.5 21.5 157.0 7.5 22.5 155.0 7.5 20.5 0.0 0.0 0.0 0.0 0.0 0.0
7.5 22.5 158.0 7.5 23.5 156.0 7.5 21.5 132.0 6.5 22.5 162.0 8.5 22.5
7.5 23.5 159.0 7.5 24.5 157.0 7.5 22.5 133.0 6.5 23.5 163.0 8.5 23.5
7.5 24.5 0.0 0.0 0.0 158.0 7.5 23.5 134.0 6.5 24.5 164.0 8.5 24.5
8.5 0.5 161.0 8.5 1.5 0.0 0.0 0.0 135.0 7.5 0.5 165.0 9.5 0.5
8.5 1.5 0.0 0.0 0.0 160.0 8.5 0.5 136.0 7.5 1.5 166.0 9.5 1.5
8.5 22.5 163.0 8.5 23.5 0.0 0.0 0.0 157.0 7.5 22.5 187.0 9.5 22.5
8.5 23.5 164.0 8.5 24.5 162.0 8.5 22.5 158.0 7.5 23.5 188.0 9.5 23.5
8.5 24.5 0.0 0.0 0.0 163.0 8.5 23.5 159.0 7.5 24.5 189.0 9.5 24.5
9.5 0.5 166.0 9.5 1.5 0.0 0.0 0.0 160.0 8.5 0.5 190.0 10.5 0.5
9.5 1.5 167.0 9.5 2.5 165.0 9.5 0.5 161.0 8.5 1.5 191.0 10.5 1.5
9.5 2.5 168.0 9.5 3.5 166.0 9.5 1.5 0.0 0.0 0.0 0.0 0.0 0.0
9.5 3.5 169.0 9.5 4.5 167.0 9.5 2.5 0.0 0.0 0.0 0.0 0.0 0.0
9.5 4.5 170.0 9.5 5.5 168.0 9.5 3.5 0.0 0.0 0.0 0.0 0.0 0.0
9.5 5.5 171.0 9.5 6.5 169.0 9.5 4.5 0.0 0.0 0.0 0.0 0.0 0.0
9.5 6.5 172.0 9.5 7.5 170.0 9.5 5.5 0.0 0.0 0.0 0.0 0.0 0.0
9.5 7.5 173.0 9.5 8.5 171.0 9.5 6.5 0.0 0.0 0.0 0.0 0.0 0.0
9.5 8.5 174.0 9.5 9.5 172.0 9.5 7.5 0.0 0.0 0.0 0.0 0.0 0.0
9.5 9.5 175.0 9.5 10.5 173.0 9.5 8.5 0.0 0.0 0.0 0.0 0.0 0.0
9.5 10.5 176.0 9.5 11.5 174.0 9.5 9.5 0.0 0.0 0.0 0.0 0.0 0.0
9.5 11.5 177.0 9.5 12.5 175.0 9.5 10.5 0.0 0.0 0.0 0.0 0.0 0.0
9.5 12.5 178.0 9.5 13.5 176.0 9.5 11.5 0.0 0.0 0.0 0.0 0.0 0.0
9.5 13.5 179.0 9.5 14.5 177.0 9.5 12.5 0.0 0.0 0.0 0.0 0.0 0.0
9.5 14.5 180.0 9.5 15.5 178.0 9.5 13.5 0.0 0.0 0.0 0.0 0.0 0.0
9.5 15.5 181.0 9.5 16.5 179.0 9.5 14.5 0.0 0.0 0.0 0.0 0.0 0.0
9.5 16.5 182.0 9.5 17.5 180.0 9.5 15.5 0.0 0.0 0.0 0.0 0.0 0.0
9.5 17.5 183.0 9.5 18.5 181.0 9.5 16.5 0.0 0.0 0.0 0.0 0.0 0.0
9.5 18.5 184.0 9.5 19.5 182.0 9.5 17.5 0.0 0.0 0.0 0.0 0.0 0.0
9.5 19.5 185.0 9.5 20.5 183.0 9.5 18.5 0.0 0.0 0.0 0.0 0.0 0.0
9.5 20.5 186.0 9.5 21.5 184.0 9.5 19.5 0.0 0.0 0.0 0.0 0.0 0.0
9.5 21.5 187.0 9.5 22.5 185.0 9.5 20.5 0.0 0.0 0.0 0.0 0.0 0.0
9.5 22.5 188.0 9.5 23.5 186.0 9.5 21.5 162.0 8.5 22.5 192.0 10.5 22.5
9.5 23.5 189.0 9.5 24.5 187.0 9.5 22.5 163.0 8.5 23.5 193.0 10.5 23.5
9.5 24.5 0.0 0.0 0.0 188.0 9.5 23.5 164.0 8.5 24.5 194.0 10.5 24.5
10.5 0.5 191.0 10.5 1.5 0.0 0.0 0.0 165.0 9.5 0.5 195.0 11.5 0.5
10.5 1.5 0.0 0.0 0.0 190.0 10.5 0.5 166.0 9.5 1.5 196.0 11.5 1.5
10.5 22.5 193.0 10.5 23.5 0.0 0.0 0.0 187.0 9.5 22.5 217.0 11.5 22.5
10.5 23.5 194.0 10.5 24.5 192.0 10.5 22.5 188.0 9.5 23.5 218.0 11.5 23.5
10.5 24.5 0.0 0.0 0.0 193.0 10.5 23.5 189.0 9.5 24.5 219.0 11.5 24.5
11.5 0.5 196.0 11.5 1.5 0.0 0.0 0.0 190.0 10.5 0.5 220.0 12.5 0.5
11.5 1.5 197.0 11.5 2.5 195.0 11.5 0.5 191.0 10.5 1.5 221.0 12.5 1.5
11.5 2.5 198.0 11.5 3.5 196.0 11.5 1.5 0.0 0.0 0.0 0.0 0.0 0.0
11.5 3.5 199.0 11.5 4.5 197.0 11.5 2.5 0.0 0.0 0.0 0.0 0.0 0.0
11.5 4.5 200.0 11.5 5.5 198.0 11.5 3.5 0.0 0.0 0.0 0.0 0.0 0.0
11.5 5.5 201.0 11.5 6.5 199.0 11.5 4.5 0.0 0.0 0.0 0.0 0.0 0.0
11.5 6.5 202.0 11.5 7.5 200.0 11.5 5.5 0.0 0.0 0.0 0.0 0.0 0.0
11.5 7.5 203.0 11.5 8.5 201.0 11.5 6.5 0.0 0.0 0.0 0.0 0.0 0.0
11.5 8.5 204.0 11.5 9.5 202.0 11.5 7.5 0.0 0.0 0.0 0.0 0.0 0.0
11.5 9.5 205.0 11.5 10.5 203.0 11.5 8.5 0.0 0.0 0.0 0.0 0.0 0.0
11.5 10.5 206.0 11.5 11.5 204.0 11.5 9.5 0.0 0.0 0.0 0.0 0.0 0.0
11.5 11.5 207.0 11.5 12.5 205.0 11.5 10.5 0.0 0.0 0.0 0.0 0.0 0.0
11.5 12.5 208.0 11.5 13.5 206.0 11.5 11.5 0.0 0.0 0.0 0.0 0.0 0.0
11.5 13.5 209.0 11.5 14.5 207.0 11.5 12.5 0.0 0.0 0.0 0.0 0.0 0.0
11.5 14.5 210.0 11.5 15.5 208.0 11.5 13.5 0.0 0.0 0.0 0.0 0.0 0.0
11.5 15.5 211.0 11.5 16.5 209.0 11.5 14.5 0.0 0.0 0.0 0.0 0.0 0.0
11.5 16.5 212.0 11.5 17.5 210.0 11.5 15.5 0.0 0.0 0.0 0.0 0.0 0.0
11.5 17.5 213.0 11.5 18.5 211.0 11.5 16.5 0.0 0.0 0.0 0.0 0.0 0.0
11.5 18.5 214.0 11.5 19.5 212.0 11.5 17.5 0.0 0.0 0.0 0.0 0.0 0.0
11.5 19.5 215.0 11.5 20.5 213.0 11.5 18.5 0.0 0.0 0.0 0.0 0.0 0.0
11.5 20.5 216.0 11.5 21.5 214.0 11.5 19.5 0.0 0.0 0.0 0.0 0.0 0.0
11.5 21.5 217.0 11.5 22.5 215.0 11.5 20.5 0.0 0.0 0.0 0.0 0.0 0.0
11.5 22.5 218.0 11.5 23.5 216.0 11.5 21.5 192.0 10.5 22.5 222.0 12.5 22.5
11.5 23.5 219.0 11.5 24.5 217.0 11.5 22.5 193.0 10.5 23.5 223.0 12.5 23.5
11.5 24.5 0.0 0.0 0.0 218.0 11.5 23.5 194.0 10.5 24.5 224.0 12.5 24.5
12.5 0.5 221.0 12.5 1.5 0.0 0.0 0.0 195.0 11.5 0.5 225.0 13.5 0.5
12.5 1.5 0.0 0.0 0.0 220.0 12.5 0.5 196.0 11.5 1.5 226.0 13.5 1.5
12.5 22.5 223.0 12.5 23.5 0.0 0.0 0.0 217.0 11.5 22.5 247.0 13.5 22.5
12.5 23.5 224.0 12.5 24.5 222.0 12.5 22.5 218.0 11.5 23.5 248.0 13.5 23.5
12.5 24.5 0.0 0.0 0.0 223.0 12.5 23.5 219.0 11.5 24.5 249.0 13.5 24.5
13.5 0.5 226.0 13.5 1.5 0.0 0.0 0.0 220.0 12.5 0.5 250.0 14.5 0.5
13.5 1.5 227.0 13.5 2.5 225.0 13.5 0.5 221.0 12.5 1.5 251.0 14.5 1.5
13.5 2.5 228.0 13.5 3.5 226.0 13.5 1.5 0.0 0.0 0.0 0.0 0.0 0.0
13.5 3.5 229.0 13.5 4.5 227.0 13.5 2.5 0.0 0.0 0.0 0.0 0.0 0.0
13.5 4.5 230.0 13.5 5.5 228.0 13.5 3.5 0.0 0.0 0.0 0.0 0.0 0.0
13.5 5.5 231.0 13.5 6.5 229.0 13.5 4.5 0.0 0.0 0.0 0.0 0.0 0.0
13.5 6.5 232.0 13.5 7.5 230.0 13.5 5.5 0.0 0.0 0.0 0.0 0.0 0.0
13.5 7.5 233.0 13.5 8.5 231.0 13.5 6.5 0.0 0.0 0.0 0.0 0.0 0.0
13.5 8.5 234.0 13.5 9.5 232.0 13.5 7.5 0.0 0.0 0.0 0.0 0.0 0.0
13.5 9.5 235.0 13.5 10.5 233.0 13.5 8.5 0.0 0.0 0.0 0.0 0.0 0.0
13.5 10.5 236.0 13.5 11.5 234.0 13.5 9.5 0.0 0.0 0.0 0.0 0.0 0.0
13.5 11.5 237.0 13.5 12.5 235.0 13.5 10.5 0.0 0.0 0.0 0.0 0.0 0.0
13.5 12.5 238.0 13.5 13.5 236.0 13.5 11.5 0.0 0.0 0.0 0.0 0.0 0.0
13.5 13.5 239.0 13.5 14.5 237.0 13.5 12.5 0.0 0.0 0.0 0.0 0.0 0.0
13.5 14.5 240.0 13.5 15.5 238.0 13.5 13.5 0.0 0.0 0.0 0.0 0.0 0.0
13.5 15.5 241.0 13.5 16.5 239.0 13.5 14.5 0.0 0.0 0.0 0.0 0.0 0.0
13.5 16.5 242.0 13.5 17.5 240.0 13.5 15.5 0.0 0.0 0.0 0.0 0.0 0.0
13.5 17.5 243.0 13.5 18.5 241.0 13.5 16.5 0.0 0.0 0.0 0.0 0.0 0.0
13.5 18.5 244.0 13.5 19.5 242.0 13.5 17.5 0.0 0.0 0.0 0.0 0.0 0.0
13.5 19.5 245.0 13.5 20.5 243.0 13.5 18.5 0.0 0.0 0.0 0.0 0.0 0.0
13.5 20.5 246.0 13.5 21.5 244.0 13.5 19.5 0.0 0.0 0.0 0.0 0.0 0.0
13.5 21.5 247.0 13.5 22.5 245.0 13.5 20.5 0.0 0.0 0.0 0.0 0.0 0.0
13.5 22.5 248.0 13.5 23.5 246.0 13.5 21.5 222.0 12.5 22.5 252.0 14.5 22.5
13.5 23.5 249.0 13.5 24.5 247.0 13.5 22.5 223.0 12.5 23.5 253.0 14.5 23.5
13.5 24.5 0.0 0.0 0.0 248.0 13.5 23.5 224.0 12.5 24.5 254.0 14.5 24.5
14.5 0.5 251.0 14.5 1.5 0.0 0.0 0.0 225.0 13.5 0.5 255.0 15.5 0.5
14.5 1.5 0.0 0.0 0.0 250.0 14.5 0.5 226.0 13.5 1.5 256.0 15.5 1.5
14.5 22.5 253.0 14.5 23.5 0.0 0.0 0.0 247.0 13.5 22.5 277.0 15.5 22.5
14.5 23.5 254.0 14.5 24.5 252.0 14.5 22.5 248.0 13.5 23.5 278.0 15.5 23.5
14.5 24.5 0.0 0.0 0.0 253.0 14.5 23.5 249.0 13.5 24.5 279.0 15.5 24.5
15.5 0.5 256.0 15.5 1.5 0.0 0.0 0.0 250.0 14.5 0.5 280.0 16.5 0.5
15.5 1.5 257.0 15.5 2.5 255.0 15.5 0.5 251.0 14.5 1.5 281.0 16.5 1.5
15.5 2.5 258.0 15.5 3.5 256.0 15.5 1.5 0.0 0.0 0.0 0.0 0.0 0.0
15.5 3.5 259.0 15.5 4.5 257.0 15.5 2.5 0.0 0.0 0.0 0.0 0.0 0.0
15.5 4.5 260.0 15.5 5.5 258.0 15.5 3.5 0.0 0.0 0.0 0.0 0.0 0.0
15.5 5.5 261.0 15.5 6.5 259.0 15.5 4.5 0.0 0.0 0.0 0.0 0.0 0.0
15.5 6.5 262.0 15.5 7.5 260.0 15.5 5.5 0.0 0.0 0.0 0.0 0.0 0.0
15.5 7.5 263.0 15.5 8.5 261.0 15.5 6.5 0.0 0.0 0.0 0.0 0.0 0.0
15.5 8.5 264.0 15.5 9.5 262.0 15.5 7.5 0.0 0.0 0.0 0.0 0.0 0.0
15.5 9.5 265.0 15.5 10.5 263.0 15.5 8.5 0.0 0.0 0.0 0.0 0.0 0.0
15.5 10.5 266.0 15.5 11.5 264.0 15.5 9.5 0.0 0.0 0.0 0.0 0.0 0.0
15.5 11.5 267.0 15.5 12.5 265.0 15.5 10.5 0.0 0.0 0.0 0.0 0.0 0.0
15.5 12.5 268.0 15.5 13.5 266.0 15.5 11.5 0.0 0.0 0.0 0.0 0.0 0.0
15.5 13.5 269.0 15.5 14.5 267.0 15.5 12.5 0.0 0.0 0.0 0.0 0.0 0.0
15.5 14.5 270.0 15.5 15.5 268.0 15.5 13.5 0.0 0.0 0.0 0.0 0.0 0.0
15.5 15.5 271.0 15.5 16.5 269.0 15.5 14.5 0.0 0.0 0.0 0.0 0.0 0.0
15.5 16.5 272.0 15.5 17.5 270.0 15.5 15.5 0.0 0.0 0.0 0.0 0.0 0.0
15.5 17.5 273.0 15.5 18.5 271.0 15.5 16.5 0.0 0.0 0.0 0.0 0.0 0.0
15.5 18.5 274.0 15.5 19.5 272.0 15.5 17.5 0.0 0.0 0.0 0.0 0.0 0.0
15.5 19.5 275.0 15.5 20.5 273.0 15.5 18.5 0.0 0.0 0.0 0.0 0.0 0.0
15.5 20.5 276.0 15.5 21.5 274.0 15.5 19.5 0.0 0.0 0.0 0.0 0.0 0.0
15.5 21.5 277.0 15.5 22.5 275.0 15.5 20.5 0.0 0.0 0.0 0.0 0.0 0.0
15.5 22.5 278.0 15.5 23.5 276.0 15.5 21.5 252.0 14.5 22.5 282.0 16.5 22.5
15.5 23.5 279.0 15.5 24.5 277.0 15.5 22.5 253.0 14.5 23.5 283.0 16.5 23.5
15.5 24.5 0.0 0.0 0.0 278.0 15.5 23.5 254.0 14.5 24.5 284.0 16.5 24.5
16.5 0.5 281.0 16.5 1.5 0.0 0.0 0.0 255.0 15.5 0.5 285.0 17.5 0.5
16.5 1.5 0.0 0.0 0.0 280.0 16.5 0.5 256.0 15.5 1.5 286.0 17.5 1.5
16.5 22.5 283.0 16.5 23.5 0.0 0.0 0.0 277.0 15.5 22.5 307.0 17.5 22.5
16.5 23.5 284.0 16.5 24.5 282.0 16.5 22.5 278.0 15.5 23.5 308.0 17.5 23.5
16.5 24.5 0.0 0.0 0.0 283.0 16.5 23.5 279.0 15.5 24.5 309.0 17.5 24.5
17.5 0.5 286.0 17.5 1.5 0.0 0.0 0.0 280.0 16.5 0.5 310.0 18.5 0.5
17.5 1.5 287.0 17.5 2.5 285.0 17.5 0.5 281.0 16.5 1.5 311.0 18.5 1.5
17.5 2.5 288.0 17.5 3.5 286.0 17.5 1.5 0.0 0.0 0.0 0.0 0.0 0.0
17.5 3.5 289.0 17.5 4.5 287.0 17.5 2.5 0.0 0.0 0.0 0.0 0.0 0.0
17.5 4.5 290.0 17.5 5.5 288.0 17.5 3.5 0.0 0.0 0.0 0.0 0.0 0.0
17.5 5.5 291.0 17.5 6.5 289.0 17.5 4.5 0.0 0.0 0.0 0.0 0.0 0.0
17.5 6.5 292.0 17.5 7.5 290.0 17.5 5.5 0.0 0.0 0.0 0.0 0.0 0.0
17.5 7.5 293.0 17.5 8.5 291.0 17.5 6.5 0.0 0.0 0.0 0.0 0.0 0.0
17.5 8.5 294.0 17.5 9.5 292.0 17.5 7.5 0.0 0.0 0.0 0.0 0.0 0.0
17.5 9.5 295.0 17.5 10.5 293.0 17.5 8.5 0.0 0.0 0.0 0.0 0.0 0.0
17.5 10.5 296.0 17.5 11.5 294.0 17.5 9.5 0.0 0.0 0.0 0.0 0.0 0.0
17.5 11.5 297.0 17.5 12.5 295.0 17.5 10.5 0.0 0.0 0.0 0.0 0.0 0.0
17.5 12.5 298.0 17.5 13.5 296.0 17.5 11.5 0.0 0.0 0.0 0.0 0.0 0.0
17.5 13.5 299.0 17.5 14.5 297.0 17.5 12.5 0.0 0.0 0.0 0.0 0.0 0.0
17.5 14.5 300.0 17.5 15.5 298.0 17.5 13.5 0.0 0.0 0.0 0.0 0.0 0.0
17.5 15.5 301.0 17.5 16.5 299.0 17.5 14.5 0.0 0.0 0.0 0.0 0.0 0.0
17.5 16.5 302.0 17.5 17.5 300.0 17.5 15.5 0.0 0.0 0.0 0.0 0.0 0.0
17.5 17.5 303.0 17.5 18.5 301.0 17.5 16.5 0.0 0.0 0.0 0.0 0.0 0.0
17.5 18.5 304.0 17.5 19.5 302.0 17.5 17.5 0.0 0.0 0.0 0.0 0.0 0.0
17.5 19.5 305.0 17.5 20.5 303.0 17.5 18.5 0.0 0.0 0.0 0.0 0.0 0.0
17.5 20.5 306.0 17.5 21.5 304.0 17.5 19.5 0.0 0.0 0.0 0.0 0.0 0.0
17.5 21.5 307.0 17.5 22.5 305.0 17.5 20.5 0.0 0.0 0.0 0.0 0.0 0.0
17.5 22.5 308.0 17.5 23.5 306.0 17.5 21.5 282.0 16.5 22.5 312.0 18.5 22.5
17.5 23.5 309.0 17.5 24.5 307.0 17.5 22.5 283.0 16.5 23.5 313.0 18.5 23.5
17.5 24.5 0.0 0.0 0.0 308.0 17.5 23.5 284.0 16.5 24.5 314.0 18.5 24.5
18.5 0.5 311.0 18.5 1.5 0.0 0.0 0.0 285.0 17.5 0.5 315.0 19.5 0.5
18.5 1.5 0.0 0.0 0.0 310.0 18.5 0.5 286.0 17.5 1.5 316.0 19.5 1.5
18.5 22.5 313.0 18.5 23.5 0.0 0.0 0.0 307.0 17.5 22.5 337.0 19.5 22.5
18.5 23.5 314.0 18.5 24.5 312.0 18.5 22.5 308.0 17.5 23.5 338.0 19.5 23.5
18.5 24.5 0.0 0.0 0.0 313.0 18.5 23.5 309.0 17.5 24.5 339.0 19.5 24.5
19.5 0.5 316.0 19.5 1.5 0.0 0.0 0.0 310.0 18.5 0.5 340.0 20.5 0.5
19.5 1.5 317.0 19.5 2.5 315.0 19.5 0.5 311.0 18.5 1.5 341.0 20.5 1.5
19.5 2.5 318.0 19.5 3.5 316.0 19.5 1.5 0.0 0.0 0.0 0.0 0.0 0.0
19.5 3.5 319.0 19.5 4.5 317.0 19.5 2.5 0.0 0.0 0.0 0.0 0.0 0.0
19.5 4.5 320.0 19.5 5.5 318.0 19.5 3.5 0.0 0.0 0.0 0.0 0.0 0.0
19.5 5.5 321.0 19.5 6.5 319.0 19.5 4.5 0.0 0.0 0.0 0.0 0.0 0.0
19.5 6.5 322.0 19.5 7.5 320.0 19.5 5.5 0.0 0.0 0.0 0.0 0.0 0.0
19.5 7.5 323.0 19.5 8.5 321.0 19.5 6.5 0.0 0.0 0.0 0.0 0.0 0.0
19.5 8.5 324.0 19.5 9.5 322.0 19.5 7.5 0.0 0.0 0.0 0.0 0.0 0.0
19.5 9.5 325.0 19.5 10.5 323.0 19.5 8.5 0.0 0.0 0.0 0.0 0.0 0.0
19.5 10.5 326.0 19.5 11.5 324.0 19.5 9.5 0.0 0.0 0.0 0.0 0.0 0.0
19.5 11.5 327.0 19.5 12.5 325.0 19.5 10.5 0.0 0.0 0.0 0.0 0.0 0.0
19.5 12.5 328.0 19.5 13.5 326.0 19.5 11.5 0.0 0.0 0.0 0.0 0.0 0.0
19.5 13.5 329.0 19.5 14.5 327.0 19.5 12.5 0.0 0.0 0.0 0.0 0.0 0.0
19.5 14.5 330.0 19.5 15.5 328.0 19.5 13.5 0.0 0.0 0.0 0.0 0.0 0.0
19.5 15.5 331.0 19.5 16.5 329.0 19.5 14.5 0.0 0.0 0.0 0.0 0.0 0.0
19.5 16.5 332.0 19.5 17.5 330.0 19.5 15.5 0.0 0.0 0.0 0.0 0.0 0.0
19.5 17.5 333.0 19.5 18.5 331.0 19.5 16.5 0.0 0.0 0.0 0.0 0.0 0.0
19.5 18.5 334.0 19.5 19.5 332.0 19.5 17.5 0.0 0.0 0.0 0.0 0.0 0.0
19.5 19.5 335.0 19.5 20.5 333.0 19.5 18.5 0.0 0.0 0.0 0.0 0.0 0.0
19.5 20.5 336.0 19.5 21.5 334.0 19.5 19.5 0.0 0.0 0.0 0.0 0.0 0.0
19.5 21.5 337.0 19.5 22.5 335.0 19.5 20.5 0.0 0.0 0.0 0.0 0.0 0.0
19.5 22.5 338.0 19.5 23.5 336.0 19.5 21.5 312.0 18.5 22.5 342.0 20.5 22.5
19.5 23.5 339.0 19.5 24.5 337.0 19.5 22.5 313.0 18.5 23.5 343.0 20.5 23.5
19.5 24.5 0.0 0.0 0.0 338.0 19.5 23.5 314.0 18.5 24.5 344.0 20.5 24.5
20.5 0.5 341.0 20.5 1.5 0.0 0.0 0.0 315.0 19.5 0.5 345.0 21.5 0.5
20.5 1.5 0.0 0.0 0.0 340.0 20.5 0.5 316.0 19.5 1.5 346.0 21.5 1.5
20.5 22.5 343.0 20.5 23.5 0.0 0.0 0.0 337.0 19.5 22.5 367.0 21.5 22.5
20.5 23.5 344.0 20.5 24.5 342.0 20.5 22.5 338.0 19.5 23.5 368.0 21.5 23.5
20.5 24.5 0.0 0.0 0.0 343.0 20.5 23.5 339.0 19.5 24.5 369.0 21.5 24.5
21.5 0.5 346.0 21.5 1.5 0.0 0.0 0.0 340.0 20.5 0.5 370.0 22.5 0.5
21.5 1.5 347.0 21.5 2.5 345.0 21.5 0.5 341.0 20.5 1.5 371.0 22.5 1.5
21.5 2.5 348.0 21.5 3.5 346.0 21.5 1.5 0.0 0.0 0.0 372.0 22.5 2.5
21.5 3.5 349.0 21.5 4.5 347.0 21.5 2.5 0.0 0.0 0.0 373.0 22.5 3.5
21.5 4.5 350.0 21.5 5.5 348.0 21.5 3.5 0.0 0.0 0.0 374.0 22.5 4.5
21.5 5.5 351.0 21.5 6.5 349.0 21.5 4.5 0.0 0.0 0.0 375.0 22.5 5.5
21.5 6.5 352.0 21.5 7.5 350.0 21.5 5.5 0.0 0.0 0.0 376.0 22.5 6.5
21.5 7.5 353.0 21.5 8.5 351.0 21.5 6.5 0.0 0.0 0.0 377.0 22.5 7.5
21.5 8.5 354.0 21.5 9.5 352.0 21.5 7.5 0.0 0.0 0.0 378.0 22.5 8.5
21.5 9.5 355.0 21.5 10.5 353.0 21.5 8.5 0.0 0.0 0.0 379.0 22.5 9.5
21.5 10.5 356.0 21.5 11.5 354.0 21.5 9.5 0.0 0.0 0.0 380.0 22.5 10.5
21.5 11.5 357.0 21.5 12.5 355.0 21.5 10.5 0.0 0.0 0.0 381.0 22.5 11.5
21.5 12.5 358.0 21.5 13.5 356.0 21.5 11.5 0.0 0.0 0.0 382.0 22.5 12.5
21.5 13.5 359.0 21.5 14.5 357.0 21.5 12.5 0.0 0.0 0.0 383.0 22.5 13.5
21.5 14.5 360.0 21.5 15.5 358.0 21.5 13.5 0.0 0.0 0.0 384.0 22.5 14.5
21.5 15.5 361.0 21.5 16.5 359.0 21.5 14.5 0.0 0.0 0.0 385.0 22.5 15.5
21.5 16.5 362.0 21.5 17.5 360.0 21.5 15.5 0.0 0.0 0.0 386.0 22.5 16.5
21.5 17.5 363.0 21.5 18.5 361.0 21.5 16.5 0.0 0.0 0.0 387.0 22.5 17.5
21.5 18.5 364.0 21.5 19.5 362.0 21.5 17.5 0.0 0.0 0.0 388.0 22.5 18.5
21.5 19.5 365.0 21.5 20.5 363.0 21.5 18.5 0.0 0.0 0.0 389.0 22.5 19.5
21.5 20.5 366.0 21.5 21.5 364.0 21.5 19.5 0.0 0.0 0.0 390.0 22.5 20.5
21.5 21.5 367.0 21.5 22.5 365.0 21.5 20.5 0.0 0.0 0.0 391.0 22.5 21.5
21.5 22.5 368.0 21.5 23.5 366.0 21.5 21.5 342.0 20.5 22.5 392.0 22.5 22.5
21.5 23.5 369.0 21.5 24.5 367.0 21.5 22.5 343.0 20.5 23.5 393.0 22.5 23.5
21.5 24.5 0.0 0.0 0.0 368.0 21.5 23.5 344.0 20.5 24.5 394.0 22.5 24.5
22.5 0.5 371.0 22.5 1.5 0.0 0.0 0.0 345.0 21.5 0.5 395.0 23.5 0.5
22.5 1.5 372.0 22.5 2.5 370.0 22.5 0.5 346.0 21.5 1.5 396.0 23.5 1.5
22.5 2.5 373.0 22.5 3.5 371.0 22.5 1.5 347.0 21.5 2.5 397.0 23.5 2.5
22.5 3.5 374.0 22.5 4.5 372.0 22.5 2.5 348.0 21.5 3.5 398.0 23.5 3.5
22.5 4.5 375.0 22.5 5.5 373.0 22.5 3.5 349.0 21.5 4.5 399.0 23.5 4.5
22.5 5.5 376.0 22.5 6.5 374.0 22.5 4.5 350.0 21.5 5.5 400.0 23.5 5.5
22.5 6.5 377.0 22.5 7.5 375.0 22.5 5.5 351.0 21.5 6.5 401.0 23.5 6.5
22.5 7.5 378.0 22.5 8.5 376.0 22.5 6.5 352.0 21.5 7.5 402.0 23.5 7.5
22.5 8.5 379.0 22.5 9.5 377.0 22.5 7.5 353.0 21.5 8.5 403.0 23.5 8.5
22.5 9.5 380.0 22.5 10.5 378.0 22.5 8.5 354.0 21.5 9.5 404.0 23.5 9.5
22.5 10.5 381.0 22.5 11.5 379.0 22.5 9.5 355.0 21.5 10.5 405.0 23.5 10.5
22.5 11.5 382.0 22.5 12.5 380.0 22.5 10.5 356.0 21.5 11.5 406.0 23.5 11.5
22.5 12.5 383.0 22.5 13.5 381.0 22.5 11.5 357.0 21.5 12.5 407.0 23.5 12.5
22.5 13.5 384.0 22.5 14.5 382.0 22.5 12.5 358.0 21.5 13.5 408.0 23.5 13.5
22.5 14.5 385.0 22.5 15.5 383.0 22.5 13.5 359.0 21.5 14.5 409.0 23.5 14.5
22.5 15.5 386.0 22.5 16.5 384.0 22.5 14.5 360.0 21.5 15.5 410.0 23.5 15.5
22.5 16.5 387.0 22.5 17.5 385.0 22.5 15.5 361.0 21.5 16.5 411.0 23.5 16.5
22.5 17.5 388.0 22.5 18.5 386.0 22.5 16.5 362.0 21.5 17.5 412.0 23.5 17.5
22.5 18.5 389.0 22.5 19.5 387.0 22.5 17.5 363.0 21.5 18.5 413.0 23.5 18.5
22.5 19.5 390.0 22.5 20.5 388.0 22.5 18.5 364.0 21.5 19.5 414.0 23.5 19.5
22.5 20.5 391.0 22.5 21.5 389.0 22.5 19.5 365.0 21.5 20.5 415.0 23.5 20.5
22.5 21.5 392.0 22.5 22.5 390.0 22.5 20.5 366.0 21.5 21.5 416.0 23.5 21.5
22.5 22.5 393.0 22.5 23.5 391.0 22.5 21.5 367.0 21.5 22.5 417.0 23.5 22.5
22.5 23.5 394.0 22.5 24.5 392.0 22.5 22.5 368.0 21.5 23.5 418.0 23.5 23.5
22.5 24.5 0.0 0.0 0.0 393.0 22.5 23.5 369.0 21.5 24.5 419.0 23.5 24.5
23.5 0.5 396.0 23.5 1.5 0.0 0.0 0.0 370.0 22.5 0.5 420.0 24.5 0.5
23.5 1.5 397.0 23.5 2.5 395.0 23.5 0.5 371.0 22.5 1.5 421.0 24.5 1.5
23.5 2.5 398.0 23.5 3.5 396.0 23.5 1.5 372.0 22.5 2.5 422.0 24.5 2.5
23.5 3.5 399.0 23.5 4.5 397.0 23.5 2.5 373.0 22.5 3.5 423.0 24.5 3.5
23.5 4.5 400.0 23.5 5.5 398.0 23.5 3.5 374.0 22.5 4.5 424.0 24.5 4.5
23.5 5.5 401.0 23.5 6.5 399.0 23.5 4.5 375.0 22.5 5.5 425.0 24.5 5.5
23.5 6.5 402.0 23.5 7.5 400.0 23.5 5.5 376.0 22.5 6.5 426.0 24.5 6.5
23.5 7.5 403.0 23.5 8.5 401.0 23.5 6.5 377.0 22.5 7.5 427.0 24.5 7.5
23.5 8.5 404.0 23.5 9.5 402.0 23.5 7.5 378.0 22.5 8.5 428.0 24.5 8.5
23.5 9.5 405.0 23.5 10.5 403.0 23.5 8.5 379.0 22.5 9.5 429.0 24.5 9.5
23.5 10.5 406.0 23.5 11.5 404.0 23.5 9.5 380.0 22.5 10.5 430.0 24.5 10.5
23.5 11.5 407.0 23.5 12.5 405.0 23.5 10.5 381.0 22.5 11.5 431.0 24.5 11.5
23.5 12.5 408.0 23.5 13.5 406.0 23.5 11.5 382.0 22.5 12.5 432.0 24.5 12.5
23.5 13.5 409.0 23.5 14.5 407.0 23.5 12.5 383.0 22.5 13.5 433.0 24.5 13.5
23.5 14.5 410.0 23.5 15.5 408.0 23.5 13.5 384.0 22.5 14.5 434.0 24.5 14.5
23.5 15.5 411.0 23.5 16.5 409.0 23.5 14.5 385.0 22.5 15.5 435.0 24.5 15.5
23.5 16.5 412.0 23.5 17.5 410.0 23.5 15.5 386.0 22.5 16.5 436.0 24.5 16.5
23.5 17.5 413.0 23.5 18.5 411.0 23.5 16.5 387.0 22.5 17.5 437.0 24.5 17.5
23.5 18.5 414.0 23.5 19.5 412.0 23.5 17.5 388.0 22.5 18.5 438.0 24.5 18.5
23.5 19.5 415.0 23.5 20.5 413.0 23.5 18.5 389.0 22.5 19.5 439.0 24.5 19.5
23.5 20.5 416.0 23.5 21.5 414.0 23.5 19.5 390.0 22.5 20.5 440.0 24.5 20.5
23.5 21.5 417.0 23.5 22.5 415.0 23.5 20.5 391.0 22.5 21.5 441.0 24.5 21.5
23.5 22.5 418.0 23.5 23.5 416.0 23.5 21.5 392.0 22.5 22.5 442.0 24.5 22.5
23.5 23.5 419.0 23.5 24.5 417.0 23.5 22.5 393.0 22.5 23.5 443.0 24.5 23.5
23.5 24.5 0.0 0.0 0.0 418.0 23.5 23.5 394.0 22.5 24.5 444.0 24.5 24.5
24.5 0.5 421.0 24.5 1.5 0.0 0.0 0.0 395.0 23.5 0.5 0.0 0.0 0.0
24.5 1.5 422.0 24.5 2.5 420.0 24.5 0.5 396.0 23.5 1.5 0.0 0.0 0.0
24.5 2.5 423.0 24.5 3.5 421.0 24.5 1.5 397.0 23.5 2.5 0.0 0.0 0.0
24.5 3.5 424.0 24.5 4.5 422.0 24.5 2.5 398.0 23.5 3.5 0.0 0.0 0.0
24.5 4.5 425.0 24.5 5.5 423.0 24.5 3.5 399.0 23.5 4.5 0.0 0.0 0.0
24.5 5.5 426.0 24.5 6.5 424.0 24.5 4.5 400.0 23.5 5.5 0.0 0.0 0.0
24.5 6.5 427.0 24.5 7.5 425.0 24.5 5.5 401.0 23.5 6.5 0.0 0.0 0.0
24.5 7.5 428.0 24.5 8.5 426.0 24.5 6.5 402.0 23.5 7.5 0.0 0.0 0.0
24.5 8.5 429.0 24.5 9.5 427.0 24.5 7.5 403.0 23.5 8.5 0.0 0.0 0.0
24.5 9.5 430.0 24.5 10.5 428.0 24.5 8.5 404.0 23.5 9.5 0.0 0.0 0.0
24.5 10.5 431.0 24.5 11.5 429.0 24.5 9.5 405.0 23.5 10.5 0.0 0.0 0.0
24.5 11.5 432.0 24.5 12.5 430.0 24.5 10.5 406.0 23.5 11.5 0.0 0.0 0.0
24.5 12.5 433.0 24.5 13.5 431.0 24.5 11.5 407.0 23.5 12.5 0.0 0.0 0.0
24.5 13.5 434.0 24.5 14.5 432.0 24.5 12.5 408.0 23.5 13.5 0.0 0.0 0.0
24.5 14.5 435.0 24.5 15.5 433.0 24.5 13.5 409.0 23.5 14.5 0.0 0.0 0.0
24.5 15.5 436.0 24.5 16.5 434.0 24.5 14.5 410.0 23.5 15.5 0.0 0.0 0.0
24.5 16.5 437.0 24.5 17.5 435.0 24.5 15.5 411.0 23.5 16.5 0.0 0.0 0.0
24.5 17.5 438.0 24.5 18.5 436.0 24.5 16.5 412.0 23.5 17.5 0.0 0.0 0.0
24.5 18.5 439.0 24.5 19.5 437.0 24.5 17.5 413.0 23.5 18.5 0.0 0.0 0.0
24.5 19.5 440.0 24.5 20.5 438.0 24.5 18.5 414.0 23.5 19.5 0.0 0.0 0.0
24.5 20.5 441.0 24.5 21.5 439.0 24.5 19.5 415.0 23.5 20.5 0.0 0.0 0.0
24.5 21.5 442.0 24.5 22.5 440.0 24.5 20.5 416.0 23.5 21.5 0.0 0.0 0.0
24.5 22.5 443.0 24.5 23.5 441.0 24.5 21.5 417.0 23.5 22.5 0.0 0.0 0.0
24.5 23.5 444.0 24.5 24.5 442.0 24.5 22.5 418.0 23.5 23.5 0.0 0.0 0.0
24.5 24.5 0.0 0.0 0.0 443.0 24.5 23.5 419.0 23.5 24.5 0.0 0.0 0.0
